都 1,3,7,9,10
时代 4,7
法律 1,2,3,7,8,10
体验式 3,5
照片 7
不过 1,4,5,6,7,8,10
the 1,5,7,8
辽宁 2,9
作为 3,6
打电话 1,2,3,4,5,8,9,10
每日 2,8,9
编辑 1,2,7,8,9
对线 7
收到 4,5,6,9
但是在 1,3,5,6,8,10
说的 1,2,4,5,6
较多 3
a18 4
工商 1,2,4,8,9,10
已 2,4,6,7,8,9
网络时代 1,3,4,6,7,8,10
供 4,5,7,8,10
舒心 3,7,8,9
根本 1,3,4,5,6,7
下单 10
既不 6,7
科技 1,2,3,5,6,10
并且 10
普及 1
或者 5,10
寻根 1,2,4,5,7,9
例 1,3,5,6,7,9
近日 1,5,8,10
消息 2,4
就以 1,2
商家 1,7,8,9,10
日期 2,4,6,7,8,9,10
版 1,2,3,4,7,8,10
作用 6
水果 1,3,4,5,8
不合理 1,4,5,7,8,9,10
久久 1,5,7,8,9,10
食品安全 1,2,3,5,6,7
据 1,2,4,6,7
国内 1,2
酒类 2,3,4
超 1,2,3,5,7,10
董 1,2,4,5,8
逾越 4,7
易 2,3,5,6,9,10
再如 4,7
大厅 6,7,8
是为了 1,2,4,7,9
移动 6
发现问题 2,4,5,6
而已 2,3,5
战斗者 1,2,3,4,5,7,8
食品药品 5,6
国政 1,2,3,7,8
喜爱 1,6,9,10
弥补 3,4,9
股市 2,6,7,10
赵 3,4,9
广大 1,3
磊 1,3,5,7,8
信号 1,2,6,8,9,10
鹏 5,6,10
薄弱 2,4,7,10
24 4,6,7,8,9,10
调查团 4,5
共 3,4,5,6,9,10
标准 1,4,5,7,8,9
蛆虫 3,4
添加 4,7,8
设定 5,8,10
新鲜度 3,4,5,6,9,10
自己 2,3,4,6,10
预测 2,3,4,5,8,10
领域 2,3
严重 3,4,5,6,9
又如 3,4,9
会是 1,3,4,7,8,10
瀛 1,5,8,9,10
掌 4,5,7,9
a 4,5,6,7,9,10
当时 1,2,3,5,6,7,9,10
的话 7
报 1,2,7,8,10
大众 3
启 1,2,5,6,8,10
总则 1,3,5,6,9
一样 6
公布 2,4,6,7,9
平 1,3,5,6,8,9
烹饪 1,4,6,10
出发点 3,5,7,10
凤 1
管理办法 1,2,3,4,7,8,10
送到 2,7
岛城 2,4,6,7,8,9
什么 1,3,6
芳 4,9
邦 2,4,5,6,8,9
走上 2,4,5,7,8,9
个人观点 2,3,4,5,9,10
沟通 6,8
r5. 9
特殊性 3
以为 1,2,4,7,8,10
龙 1,5,6
慧聪 6,9
如下 4,9
4人 1,4,8,9,10
留面子 1,3,10
深度 2,4,5,7
df154 2,3,6,7,9
来看 1,4,7,10
黑 1,2,3,4,8,10
今日 4,5,6,8,9
中都 1,3,5,7,8,9
www.beian.gov.cn 2,3,4,5,8
央 3,4
均 1,7,9
精彩图片 1,4,5,8,10
也有 2,9,10
10点 4,5,6,8,10
经济 2,3,4,5,8
315 4,5,6,7,8,9,10
金额 3,4,5,6,10
违反 1,2,7
与此同时 2,4,7
证明了 1,2,5,7,8
东方 1,3,5,7
全过程 2,9,10
66.6分 4,5,8,10
环节 4,6,8,10
据统计 3,4,6
kkk 1,2,4,6,7,9
一次性 1,2,4,5,7,10
转载 4,8,10
所 1,2,8,9
煲仔饭 2,3,4,5
rights 1,3,4,6,7,8
费时 3,4,7,8,9,10
洗菜 1,2,3,4,6,9
如何 1,2,4,5,6,8,9
精英 4,5,6
北上 2,3,4,7,8,9
整顿 7,9
滨 3,7,8,9,10
所有 1,8,9,10
商务 1,7
但对 1,5,9
餐饮业 4,6,7,10
民政局 1,4,6,7,8,10
势要 3,5
意想不到 1,7
体验 1,2,3,4,7,10
457.8 2,4,5,6,7,8,9,10
代表 5,7
要求 1,4,5,9
生产 3,5,6,9,10
反映 5,6,7
未设 5,7,10
不用 5
阶段 1,6,7,10
一家 6,7
服务 2,3,7,8,10
评 2,3,4,7,9,10
外卖 2,3,7
发现 1,4,7,9,10
饮品 8
具备 9
诚实 1,3,6,8,9,10
相对 4
年薪 1,3,4,5,6
增加 5,7,10
183万 2,3,4,5,6,7
七把 1,2,4,5,9
留住 1,5,7,8
先行 4,5,6
用了 3,5,6,10
拍卖 2,4,7,8
日报 7
入 3,8
娄 10
叉 2,4,5,8,9
666 1,2,6,8,9
在于 4
关乎 1,2,4,7
五成 1,2,4,6,8,9
不仅 2,7
追溯 1,3,4,10
我们 10
为由 1,2,6,7
昨日 2,4,10
无法 1,4,6,7,8,9
本网站 2,3,4,5,6,10
流型 2,3,4,5,6,7,8,9
下同 3,5,6
消费者 4,7
点我 6,7
31 1,2,3,4,5,7,8
保障 4,5,8,9
由 3
表明 1,2,3,4,9,10
有关部门 1,5,6,8,10
再 2,5,6,7,8,9
入市 3,5,8
顾客 3,4,6,7,10
英文 4,5,7
专业 4,5,6,7,9
6月 1,3,5,8,9,10
电话 1,2,3,5,9,10
卫生 1,2,3,7,9
实现 2,5,6,7,10
离开 6,9
机制 3,9,10
美 1,4,7,8,9
就不能 5,6,8
配料 1,4,5,6,7,8,10
级 1,3,4,6,7,10
他们 1,2,3,4,9,10
细 1,2,5,6,8,10
恶 4,7,10
阑珊 1,3,4,6,7,9
侵 4,5,7,8,9,10
夸张 3,4,5,6,7,9
从 1,3,5
之 3,5,6,9,10
有的 3,4,10
并未 3,5,7,8
通报 1,4,5,8
信息中心 2,3,5,7,10
对 1,2,4,6,7,8,9
虽然 3,7,9
诉讼 1,3,5,6,8,9,10
才 1,2,4,5,7,8,10
发布 6,10
法权 3,4,5,6
峰峦 2,3,7,9,10
市场规模 2,7,9
理发店 1,2,3,4,5,6,8
前所未有 2,4,5
run@ebrun.com 3,4,8,10
运行时 3,8,9
不断扩大 5,8
餐盒 2,4,7,9
沪 2,5,7,8,9
结果表明 2,4,6,7
581 1,2,6
很多人 4,7,8,9,10
站长 2,4,8,10
进一步 1,4,5,7,10
银行卡 1,2,4,5,6,8,10
11日 2,5,8,10
提升 1,4,9
不满 6
其他 1,7,8,9,10
留心 3,4,5,6,8,9
较真 1,2,5,6,7,8,10
显著 1,2,5,6,7,8,9
质疑 2,4,7
统计 1,2,4,5,6,8
1 1,5,7,8
不但 1,2,4,6,8,9,10
军 1,3,4,6,8,9,10
请在 3,5,6,8,9
既 1,2,7,8,10
违法 2,6,7,8,9
仍 7
江西 3,4,5,6,7,10
一个 7
上午 1,5,6,8,9
萝卜 4,5,7,9
法规 4,6,7,10
2016 2,4,6,7,8,9,10
肉夹馍 1,2,3,6,8
太 1,2,7,9,10
020 1,3,7,8,9
包括 6
事实真相 4,5,6,8
网 4,5,6,8,10
应用程序 1,2,4,6
付款 3,6,7,8,10
争分夺秒 6,7,9
吃上 2,5,8,9
时效 1,2,3,4,8,9
113 1
介绍 3,5,7,8,10
风景 3,5,6,7,8
又能够 2,3,6
组 2,5
第三 1,2,6,7
从此 10
规模 2,4,5,6,8,9,10
07 1,3,5,6,7,8,9,10
外地 2,4,6,7,8,10
服务行业 2,3,5
这一 1,3
询问 1,2,6,7,8,9,10
则是 2,3,5,7,9
声明 2,4,7
人次 3,5,6,7,9
54分 3,4,5,8,10
11 1,2,4,5,8,9,10
联合 4,5,6,10
粮食 3,4,5,6
报告 1,2,3,6,9,10
这样 4,5,8,9,10
节 2
员 1,5,8,9
手 6,10
千千万万 2,5
新闻 2,6,7,8,9
身份证明 3,4,6,7,8,9,10
不算 2,4,6,9
仅为 1,2,3,6,7,10
叫外卖 6,8,9,10
国 1,3,7,8,9
球网 9
身份 3,5,8
四川 5,6
头像 2,4,5,7
甘肃 1,2,3,4,5,8,10
半数 3
菜 3
规范 5,10
本报记者 2,3,5,6,7,8
将 3,4,5,8,9
娟 3,6,7,9
立即 1,5,6,7,9,10
快餐店 3,5,7,8,9
宁波 1,3,4,9
查看 1,7,10
费 1,2,7,9,10
一起 1,3,6,8
优化 1
更是 7
提出 1,3,6,7,10
操作 7,9,10
密封 6,10
本期 3,8,10
三元 1,2,6,7,8,9
食品店 1
无 1,2,4,5,6,7,9
低 1,8
57 8
能在 1,2,3,5,6,7,9,10
品牌 2,3,4,5,6,7,9
废纸 2,4,6
颖 6,7,10
和美 5,7
赔付 1,4,5,6,8,9
了 3,4,6,7,8
选择 3,4,6,7,8,9
七 4,6
南 2,3,5,9,10
精彩文章 1,2,5,7,9,10
爆料 5,6,8
在看 5
冷饮 4,5,6,8,10
到家 2
一些 1,6,7
洪 2,3,4,6,9,10
111 8
明 1
难 1,2,6
较 2,5,7,9
首次 5,7
模式 5
先生 2,3,5,8
连线 3,4,5,6,10
变质 3,5,7,8,9
内蒙古 3,4,5,6,8,10
bbs.voc.com.cn 1,2,7
解决 1,3,5,6,7,9
20日 2,4,5,6,7,8,10
仅仅是 1,3,4,8,9
买东西 6,7,8,9
建议 4,10
位 3,8
饼 1,2,4,6,7
56 1,5,6,10
第 9,10
巨大 2,7,9
分会 1,2,3,4,5,6,7,8
曾 2,4
心 2,10
四个 2,7,10
处罚 4,5,6,7
史 2,3,6,7,10
伤害 1,5,6,7,8
专注 3,5,6
a股 1,2,3,4,5,9
思 6,7,8,10
自查自纠 1,3,5,6,7,8,9,10
小时内 3,4,5,6,7,9
元 2,5,6,8
作 1,2,6,7,8,10
至 3,4,5,6,7,10
还要 1,2,3,4,5,7,8,9
禽蛋 4
分由 3,4,6,9,10
成语 2,3,5,6,7
蔬菜制品 1,2,3,5
称 3,6,8,10
招 1
报销 1,9
相当 2,5,7,8,9
奕 1,2,3,5,7,9
刚 3,7,8,9,10
希拉里 2,6,10
审核 4,5,6,7,8,9,10
赞成 4,8
陷阱 1,6,9,10
正蓝旗 1,2,4,5,6,8,10
父亲 3,5,6,7,8,10
55 4,9
菊 2,6,8,9
中国网 2
合理 1,5
像 4,10
补偿 6,7,9
用户 2,3,7
驻 3,4,7
2. 1,3,4,5,7,9,10
style 2,4,5,6,7,9
这次 1,2,4,8,9
汉网 2,4
官方 1,3,4,5,7,8,10
监管部门 3
进行 4,8
上线 2,4,5
执 4,6,7,9,10
作品版权 4,10
既然 1,2,6,8,9,10
打造出 1
漏 1,2,6,9,10
基 1,2,5
进行了 1,2,4,7,8,10
一看 10
严肃 1,2,5,6,7,10
中午 10
票据 1,2
云南 1,2,6,10
不严 3,4,10
并请 2,3,4,5,8,9,10
加入 3,4,8,9
更多 2,6,8,9,10
多多 2,3,5,6,7,10
则 6,8,9
线下 6
此后 5,7,8,10
经营 1,4,6,7,10
学界 1,2,4,5,9,10
地区 3,4,6,9
等 3,4,5,7,10
限于 1,2,4,5,6,9,10
店铺 4,5,6,7,8
fupan588 1,3,5,6,7,8,9,10
摸不着 5,6,8,9,10
举行 1,7
2页 5,9,10
主动性 2,3,5,7,8,9,10
食品商 1,2,3,4,5,7,8
撤下 2,4,6,7,8
堵车 2,3,4,6,7,8,9
诺 3,7,8,10
给谁 2,3,10
德 3,4,5,6,9,10
信息 1,2,6,7,8,9,10
这个 3,5,9
四大 1,4,5,7,9
view-134005-1.html 1,5,9,10
daboyin.heimaba.com 2,3,4,8
报料 1
中所 4,6,7
当 2,8
7大 8,10
依法追究 3,4,7,8,9
讯 3,6,7,9
食用菌 2,4,5,6,8,9
4年 1,4,6,9
哦 2,3,4,7,8,10
遗憾 1,2,5,6,7,9,10
茶叶 2,7,10
互联网 2,3,4,6,7
没戏 2,3,4,6,8,9,10
出来 3,5,6,7,9
固然有 1,2,3,4,5,9,10
人性化 1,2,5,6,9
我 3,4,6,10
检查 2,4,5,10
导致 4
摘要 2,3,4,5,8,9,10
这是 1,2,3,4,6,9,10
天鹅 1,2,5,6,7,8,9,10
接近 2,6,7,9
情报 2,4,8
绝不 1,4,6,8
少 1,5,6,7,10
申请 7
自行安排 2,4,5,9,10
韩 5,6,9
长 5
后 2,6,8
截至 1,3,8
再次 1,2,3,6,8,10
两三 2,3,5,6,7,8
许多 1,3,6
article&id 1,2,3,4,6,8,9
告诉 5,10
用完 8,10
n2 1,4,6,7,8
恒 5,6,8,9,10
地 1,2,3,7,9,10
云 2,3,6,7,8,9
凉了 2,3,5,7,8,9
中 1,2,4,5,9
从而 2,3,9
生活 1,2,5,6,8
下完 2,3,4,5
招标 3,4,5,6,7,8,10
监管 8,10
资质 4,8
半个 2,10
www.itmsc.cn 5,9
此次 1,3,4,6,7,8,10
央视 3,4,5,6,8,10
人民大会堂 1,2,6,7,8,9,10
2016-11-15 3,4,6,8,9,10
发现了 2,3,7,9
城市 1,4,7,8,9,10
把关 1,4,9
隆重 4,5,7,9
下载 10
必胜 5,8,9,10
人民币 2,6
136 1,3,4,5
2015年 8,9
告知 3,6
名 1,3,5
就看 1,3,4,5
r1. 1,2,3,5,6,7,8,9
打造 8
发展潜力 1,2,3,8,9
文中 4,5,10
核实 1,3,4,6,7,10
说说话 1,7,8,9
n1 1,4,5,6,9
施行 2,5,6,7,8,9,10
小店 1,2,4,8,9
北京日报 2,10
服务态度 1,4,5,8,9,10
将在 1,4,5,6,8,10
要 5,6,7,8,9
串味儿 1,7,8,9,10
未按 1,2,3
队伍 1,4,6,7,10
出了 1,2,7,8,10
一切都是 1,2,3,6,8,9
原因 1,2,4,6,7,10
重要 8
59分 1,2,7,10
六 1,2,4,7
none 10
导流 2,5,8
招数 3,4,9
8月 1,3,4,5,6,8,10
传媒网 3,7,9
politics 2,3,7,9,10
暴露 2,4,5
集体 2,3,4,8,9
9月 1,3,4,7,9,10
事情 1,3,6,7
次 7
需 2,3,4,5,6,7,9
开始 5,6
含 3,4,6,7,8,10
链接 2,5,7
震惊 1,2,3,6,7,8
提起 1,3,6,8
她 1,3,5,6,8,9
倒 1,2,5,6,9
只当 2,3,5,6,9,10
典型 4,7,8,9,10
瞿 4,6,7
可行 5,7,9
君 1,2,7,8
先以 1,2,4,6,7,8
文章内容 1,4,9
建立 2,5,8,9,10